# name: debug
# type: sparse matrix
# nnz: 29088
# rows: 2964
# columns: 2964

1 1 89.9021273
2 1 245.845214
3 1 135.105092
4 1 -89.9021273
5 1 -245.845214
6 1 0
1 2 245.845214
2 2 1374.02981
3 2 739.528706
4 2 -245.845214
5 2 -1374.02981
6 2 0
1 3 135.105092
2 3 739.528706
3 3 9161.06128
4 3 -135.105092
5 3 -739.528706
6 3 -8762.86389
1 4 -89.9021273
2 4 -245.845214
3 4 -135.105092
4 4 208.092751
5 4 656.028202
6 4 171.701748
7 4 -118.190623
8 4 -410.182988
9 4 0
1 5 -245.845214
2 5 -1374.02981
3 5 -739.528706
4 5 656.028202
5 5 3699.94953
6 5 962.154294
7 5 -410.182988
8 5 -2325.91972
9 5 0
1 6 0
2 6 0
3 6 -8762.86389
4 6 171.701748
5 6 962.154294
6 6 17901.5583
7 6 -171.701748
8 6 -962.154294
9 6 -8740.59445
4 7 -118.190623
5 7 -410.182988
6 7 -171.701748
7 7 173.304663
8 7 549.468038
9 7 66.077505
10 7 -55.1140391
11 7 -139.28505
12 7 0
4 8 -410.182988
5 8 -2325.91972
6 8 -962.154294
7 8 549.468038
8 8 4188.64554
9 8 863.128484
10 8 -139.28505
11 8 -1862.72582
12 8 0
4 9 0
5 9 0
6 9 -8740.59445
7 9 66.077505
8 9 863.128484
9 9 19101.5088
10 9 -66.077505
11 9 -863.128484
12 9 -9960.91495
7 10 -55.1140391
8 10 -139.28505
9 10 -66.077505
10 10 99.7266231
11 10 159.491715
12 10 9.31519668
13 10 -44.612584
14 10 -20.2066655
15 10 0
7 11 -139.28505
8 11 -1862.72582
9 11 -863.128484
10 11 159.491715
11 11 4335.5649
12 11 992.812917
13 11 -20.2066655
14 11 -2472.83908
15 11 0
7 12 0
8 12 0
9 12 -9960.91495
10 12 9.31519668
11 12 992.812917
12 12 19276.3296
13 12 -9.31519668
14 12 -992.812917
15 12 -8916.78058
10 13 -44.612584
11 13 -20.2066655
12 13 -9.31519668
13 13 197.253875
14 13 169.616049
15 13 65.6701121
16 13 -44.4636281
17 13 -6.23146129
18 13 0
2941 13 -108.177663
2942 13 -143.177922
2943 13 0
10 14 -20.2066655
11 14 -2472.83908
12 14 -992.812917
13 14 169.616049
14 14 4907.56983
15 14 1064.42337
16 14 -6.23146129
17 14 -2068.6343
18 14 0
2941 14 -143.177922
2942 14 -366.096446
2943 14 0
10 15 0
11 15 0
12 15 -8916.78058
13 15 65.6701121
14 15 1064.42337
15 15 19154.8426
16 15 -3.64505889
17 15 -908.785195
18 15 -9185.93376
2941 15 -62.0250532
2942 15 -155.638177
2943 15 -586.673521
13 16 -44.4636281
14 16 -6.23146129
15 16 -3.64505889
16 16 90.9310219
17 16 69.5677079
18 16 28.764524
19 16 -46.4673939
20 16 -63.3362466
21 16 0
13 17 -6.23146129
14 17 -2068.6343
15 17 -908.785195
16 17 69.5677079
17 17 4096.06421
18 17 900.529578
19 17 -63.3362466
20 17 -2027.4299
21 17 0
13 18 0
14 18 0
15 18 -9185.93376
16 18 28.764524
17 18 900.529578
18 18 19584.1339
19 18 -28.764524
20 18 -900.529578
21 18 -9998.20024
16 19 -46.4673939
17 19 -63.3362466
18 19 -28.764524
19 19 102.476851
20 19 219.950433
21 19 68.7026421
22 19 -56.0094567
23 19 -156.614186
24 19 0
16 20 -63.3362466
17 20 -2027.4299
18 20 -900.529578
19 20 219.950433
20 20 4192.7543
21 20 930.611223
22 20 -156.614186
23 20 -2165.3244
24 20 0
16 21 0
17 21 0
18 21 -9998.20024
19 21 68.7026421
20 21 930.611223
21 21 20380.0258
22 21 -68.7026421
23 21 -930.611223
24 21 -9981.82481
19 22 -56.0094567
20 22 -156.614186
21 22 -68.7026421
22 22 101.367796
23 22 201.540184
24 22 19.1722839
25 22 -45.3583397
26 22 -44.9259979
27 22 0
19 23 -156.614186
20 23 -2165.3244
21 23 -930.611223
22 23 201.540184
23 23 4418.27767
24 23 949.27933
25 23 -44.9259979
26 23 -2252.95327
27 23 0
19 24 0
20 24 0
21 24 -9981.82481
22 24 19.1722839
23 24 949.27933
24 24 20235.8219
25 24 -19.1722839
26 24 -949.27933
27 24 -9854.018
22 25 -45.3583397
23 25 -44.9259979
24 25 -19.1722839
25 25 97.1019712
26 25 170.061154
27 25 54.3360683
28 25 -51.7436314
29 25 -125.135156
30 25 0
22 26 -44.9259979
23 26 -2252.95327
24 26 -949.27933
25 26 170.061154
26 26 4442.67881
27 26 935.791566
28 26 -125.135156
29 26 -2189.72555
30 26 0
22 27 0
23 27 0
24 27 -9854.018
25 27 54.3360683
26 27 935.791566
27 27 19996.8178
28 27 -54.3360683
29 27 -935.791566
30 27 -9742.86749
25 28 -51.7436314
26 28 -125.135156
27 28 -54.3360683
28 28 112.92183
29 28 303.073745
30 28 82.6971202
31 28 -61.1781987
32 28 -177.938589
33 28 0
25 29 -125.135156
26 29 -2189.72555
27 29 -935.791566
28 29 303.073745
29 29 4126.28227
30 29 880.039701
31 29 -177.938589
32 29 -1936.55672
33 29 0
25 30 0
26 30 0
27 30 -9742.86749
28 30 82.6971202
29 30 880.039701
30 30 20079.962
31 30 -82.6971202
32 30 -880.039701
33 30 -9937.09831
28 31 -61.1781987
29 31 -177.938589
30 31 -82.6971202
31 31 498.266303
32 31 542.230729
33 31 74.2508503
34 31 -50.7974799
35 31 -109.549502
36 31 0
2926 31 -386.290625
2927 31 -254.742638
2928 31 0
28 32 -177.938589
29 32 -1936.55672
30 32 -880.039701
31 32 542.230729
32 32 4104.31203
33 32 890.815745
34 32 -109.549502
35 32 -1933.4775
36 32 0
2926 32 -254.742638
2927 32 -234.277812
2928 32 0
28 33 0
29 33 0
30 33 -9937.09831
31 33 74.2508503
32 33 890.815745
33 33 20629.6195
34 33 -50.6796537
35 33 -879.305463
36 33 -9697.06138
2926 33 -23.5711965
2927 33 -11.5102825
2928 33 -593.869641
31 34 -50.7974799
32 34 -109.549502
33 34 -50.6796537
34 34 108.357643
35 34 282.396076
36 34 73.0897751
37 34 -57.5601628
38 34 -172.846575
39 34 0
31 35 -109.549502
32 35 -1933.4775
33 35 -879.305463
34 35 282.396076
35 35 4255.79481
36 35 963.756516
37 35 -172.846575
38 35 -2322.31731
39 35 0
31 36 0
32 36 0
33 36 -9697.06138
34 36 73.0897751
35 36 963.756516
36 36 20053.0056
37 36 -73.0897751
38 36 -963.756516
39 36 -9955.94609
34 37 -57.5601628
35 37 -172.846575
36 37 -73.0897751
37 37 108.716318
38 37 298.732908
39 37 52.0245023
40 37 -51.1561547
41 37 -125.886334
42 37 0
34 38 -172.846575
35 38 -2322.31731
36 38 -963.756516
37 38 298.732908
38 38 4727.91379
39 38 980.81758
40 38 -125.886334
41 38 -2405.59648
42 38 0
34 39 0
35 39 0
36 39 -9955.94609
37 39 52.0245023
38 39 980.81758
39 39 20066.1116
40 39 -52.0245023
41 39 -980.81758
42 39 -9710.25251
37 40 -51.1561547
38 40 -125.886334
39 40 -52.0245023
40 40 117.733266
41 40 320.484579
42 40 95.0914607
43 40 -66.5771116
44 40 -194.598246
45 40 0
37 41 -125.886334
38 41 -2405.59648
39 41 -980.81758
40 41 320.484579
41 41 4161.01759
42 41 837.805499
43 41 -194.598246
44 41 -1755.42112
45 41 0
37 42 0
38 42 0
39 42 -9710.25251
40 42 95.0914607
41 42 837.805499
42 42 19927.56
43 42 -95.0914607
44 42 -837.805499
45 42 -9817.34103
40 43 -66.5771116
41 43 -194.598246
42 43 -95.0914607
43 43 129.826402
44 43 391.466317
45 43 87.47498
46 43 -63.24929
47 43 -196.868071
48 43 0
40 44 -194.598246
41 44 -1755.42112
42 44 -837.805499
43 44 391.466317
44 44 3860.87891
45 44 917.597151
46 44 -196.868071
47 44 -2105.45779
48 44 0
40 45 0
41 45 0
42 45 -9817.34103
43 45 87.47498
44 45 917.597151
45 45 20040.0999
46 45 -87.47498
47 45 -917.597151
48 45 -9822.79057
43 46 -63.24929
44 46 -196.868071
45 46 -87.47498
46 46 149.74667
47 46 497.029656
48 46 130.7997
49 46 -86.49738
50 46 -300.161584
51 46 0
43 47 -196.868071
44 47 -2105.45779
45 47 -917.597151
46 47 497.029656
47 47 4292.36803
48 47 935.078381
49 47 -300.161584
50 47 -2186.91023
51 47 0
43 48 0
44 48 0
45 48 -9822.79057
46 48 130.7997
47 48 935.078381
48 48 20009.8065
49 48 -130.7997
50 48 -935.078381
51 48 -9787.06218
46 49 -86.49738
47 49 -300.161584
48 49 -130.7997
49 49 157.555851
50 49 531.74957
51 49 104.179074
52 49 -71.0584706
53 49 -231.587986
54 49 0
46 50 -300.161584
47 50 -2186.91023
48 50 -935.078381
49 50 531.74957
50 50 4246.57004
51 50 907.540175
52 50 -231.587986
53 50 -2059.6598
54 50 0
46 51 0
47 51 0
48 51 -9787.06218
49 51 104.179074
50 51 907.540175
51 51 20070.4786
52 51 -104.179074
53 51 -907.540175
54 51 -9883.42916
49 52 -71.0584706
50 52 -231.587986
51 52 -104.179074
52 52 151.074658
53 52 499.507746
54 52 120.498601
55 52 -80.016187
56 52 -267.91976
57 52 0
49 53 -231.587986
50 53 -2059.6598
51 53 -907.540175
52 53 499.507746
53 53 4122.02611
54 53 908.098134
55 53 -267.91976
56 53 -2062.36631
57 53 0
49 54 0
50 54 0
51 54 -9883.42916
52 54 120.498601
53 54 908.098134
54 54 20212.6014
55 54 -120.498601
56 54 -908.098134
57 54 -9929.17841
52 55 -80.016187
53 55 -267.91976
54 55 -120.498601
55 55 145.929405
56 55 487.383511
57 55 93.2206113
58 55 -65.9132178
59 55 -219.463751
60 55 0
52 56 -267.91976
53 56 -2062.36631
54 56 -908.098134
55 56 487.383511
56 56 4350.27098
57 56 956.42628
58 56 -219.463751
59 56 -2287.90467
60 56 0
52 57 0
53 57 0
54 57 -9929.17841
55 57 93.2206113
56 57 956.42628
57 57 19972.2864
58 57 -93.2206113
59 57 -956.42628
60 57 -9643.23884
55 58 -65.9132178
56 58 -219.463751
57 58 -93.2206113
58 58 171.454415
59 58 558.01553
60 58 158.07027
61 58 -105.541197
62 58 -338.551779
63 58 0
55 59 -219.463751
56 59 -2287.90467
57 59 -956.42628
58 59 558.01553
59 59 4208.3458
60 59 876.141388
61 59 -338.551779
62 59 -1920.44113
63 59 0
55 60 0
56 60 0
57 60 -9643.23884
58 60 158.07027
59 60 876.141388
60 60 20001.3682
61 60 -158.07027
62 60 -876.141388
63 60 -9958.13193
58 61 -105.541197
59 61 -338.551779
60 61 -158.07027
61 61 196.40156
62 61 654.972088
63 61 137.325476
64 61 -90.8603629
65 61 -316.420309
66 61 0
58 62 -338.551779
59 62 -1920.44113
60 62 -876.141388
61 62 654.972088
62 62 4121.94325
63 62 938.136997
64 62 -316.420309
65 62 -2201.50211
66 62 0
58 63 0
59 63 0
60 63 -9958.13193
61 63 137.325476
62 63 938.136997
63 63 20058.3501
64 63 -137.325476
65 63 -938.136997
66 63 -9700.30887
61 64 -90.8603629
62 64 -316.420309
63 64 -137.325476
64 64 203.902813
65 64 690.436053
66 64 167.337385
67 64 -113.04245
68 64 -374.015744
69 64 0
61 65 -316.420309
62 65 -2201.50211
63 65 -938.136997
64 65 690.436053
65 65 4285.18627
66 65 912.635192
67 65 -374.015744
68 65 -2083.68415
69 65 0
61 66 0
62 66 0
63 66 -9700.30887
64 66 167.337385
65 66 912.635192
66 66 20050.6906
67 66 -167.337385
68 66 -912.635192
69 66 -9950.38539
64 67 -113.04245
65 67 -374.015744
66 67 -167.337385
67 67 210.863723
68 67 697.503052
69 67 147.712563
70 67 -97.8212725
71 67 -323.487308
72 67 0
64 68 -374.015744
65 68 -2083.68415
66 68 -912.635192
67 68 697.503052
68 68 4088.60549
69 68 895.265277
70 68 -323.487308
71 68 -2004.92133
72 68 0
64 69 0
65 69 0
66 69 -9950.38539
67 69 147.712563
68 69 895.265277
69 69 20340.193
70 69 -147.712563
71 69 -895.265277
72 69 -9989.8078
67 70 -97.8212725
68 70 -323.487308
69 70 -147.712563
70 70 10449.8922
71 70 11571.6461
72 70 1910.7392
73 70 -10352.071
74 70 -11248.1588
75 70 0
67 71 -323.487308
68 71 -2004.92133
69 71 -895.265277
70 71 11571.6461
71 71 14323.8769
72 71 2088.05168
73 71 -11248.1588
74 71 -12318.9556
75 71 0
67 72 0
68 72 0
69 72 -9989.8078
70 72 1910.7392
71 72 2088.05168
72 72 15865.2149
73 72 -1910.7392
74 72 -2088.05168
75 72 -5521.26958
70 73 -10352.071
71 73 -11248.1588
72 73 -1910.7392
73 73 13406.6658
74 73 9023.41332
75 73 582.178138
76 73 -3054.59478
77 73 2224.7455
78 73 0
70 74 -11248.1588
71 74 -12318.9556
72 74 -2088.05168
73 74 9023.41332
74 74 14007.6676
75 74 -416.524266
76 74 2224.7455
77 74 -1688.712
78 74 0
70 75 0
71 75 0
72 75 -5521.26958
73 75 582.178138
74 75 -416.524266
75 75 8080.12873
76 75 -582.178138
77 75 416.524266
78 75 -2447.08025
73 76 -3054.59478
74 76 2224.7455
75 76 -582.178138
76 76 56108.6226
77 76 -37904.9725
78 76 2596.87751
79 76 -53054.0278
80 76 35680.227
81 76 0
73 77 2224.7455
74 77 -1688.712
75 77 416.524266
76 77 -37904.9725
77 77 25749.1648
78 77 -1751.11945
79 77 35680.227
80 77 -24060.4528
81 77 0
73 78 0
74 78 0
75 78 -2447.08025
76 78 2596.87751
77 78 -1751.11945
78 78 3569.56636
79 78 -2596.87751
80 78 1751.11945
81 78 -995.039626
76 79 -53054.0278
77 79 35680.227
78 79 -2596.87751
79 79 53495.1516
80 79 -34998.3341
81 79 -404.229436
82 79 -441.123771
83 79 -681.892884
84 79 0
76 80 35680.227
77 80 -24060.4528
78 80 1751.11945
79 80 -34998.3341
80 80 25277.073
81 80 -691.543039
82 80 -681.892884
83 80 -1216.62024
84 80 0
76 81 0
77 81 0
78 81 -995.039626
79 81 -404.229436
80 81 -691.543039
81 81 10034.8834
82 81 404.229436
83 81 691.543039
84 81 -8642.06767
79 82 -441.123771
80 82 -681.892884
81 82 404.229436
82 82 488.039662
83 82 758.289113
84 82 -35.2971838
85 82 -46.9158913
86 82 -76.3962281
87 82 0
79 83 -681.892884
80 83 -1216.62024
81 83 691.543039
82 83 758.289113
83 83 3622.58921
84 83 -948.579601
85 83 -76.3962281
86 83 -2405.96897
87 83 0
79 84 0
80 84 0
81 84 -8642.06767
82 84 -35.2971838
83 84 -948.579601
84 84 15343.2602
85 84 35.2971838
86 84 948.579601
87 84 -6326.60221
82 85 -46.9158913
83 85 -76.3962281
84 85 35.2971838
85 85 222.688549
86 85 577.653563
87 85 -231.734471
88 85 -175.772658
89 85 -501.257335
90 85 0
82 86 -76.3962281
83 86 -2405.96897
84 86 948.579601
85 86 577.653563
86 86 4363.62695
87 86 -884.242202
88 86 -501.257335
89 86 -1957.65798
90 86 0
82 87 0
83 87 0
84 87 -6326.60221
85 87 -231.734471
86 87 -884.242202
87 87 16662.1114
88 87 231.734471
89 87 884.242202
90 87 -9935.51357
85 88 -175.772658
86 88 -501.257335
87 88 231.734471
88 88 313.73561
89 88 70.6780027
90 88 186.560201
91 88 -137.962952
92 88 430.579332
93 88 0
85 89 -501.257335
86 89 -1957.65798
87 89 884.242202
88 89 70.6780027
89 89 3984.5823
90 89 -878.928989
91 89 430.579332
92 89 -2026.92432
93 89 0
85 90 0
86 90 0
87 90 -9935.51357
88 90 186.560201
89 90 -878.928989
90 90 17020.6405
91 90 -186.560201
92 90 878.928989
93 90 -6703.99914
88 91 -137.962952
89 91 430.579332
90 91 -186.560201
91 91 191.81624
92 91 -570.741734
93 91 59.8864019
94 91 -53.8532879
95 91 140.162402
96 91 0
88 92 430.579332
89 92 -2026.92432
90 92 878.928989
91 92 -570.741734
92 92 4159.3511
93 92 -919.441945
94 92 140.162402
95 92 -2132.42678
96 92 0
88 93 0
89 93 0
90 93 -6703.99914
91 93 59.8864019
92 93 -919.441945
93 93 15434.1586
94 93 -59.8864019
95 93 919.441945
96 93 -8333.71546
91 94 -53.8532879
92 94 140.162402
93 94 -59.8864019
94 94 189.160488
95 94 -571.789519
96 94 189.75849
97 94 -135.3072
98 94 431.627117
99 94 0
91 95 140.162402
92 95 -2132.42678
93 95 919.441945
94 95 -571.789519
95 95 4227.23792
96 95 -910.710637
97 95 431.627117
98 95 -2094.81114
99 95 0
91 96 0
92 96 0
93 96 -8333.71546
94 96 189.75849
95 96 -910.710637
96 96 16980.695
97 96 -189.75849
98 96 910.710637
99 96 -8250.95572
94 97 -135.3072
95 97 431.627117
96 97 -189.75849
97 97 228.854115
98 97 -739.175728
99 97 142.607488
100 97 -93.5469151
101 97 307.548612
102 97 0
94 98 431.627117
95 98 -2094.81114
96 98 910.710637
97 98 -739.175728
98 98 4065.55677
99 98 -885.941381
100 98 307.548612
101 98 -1970.74564
102 98 0
94 99 0
95 99 0
96 99 -8250.95572
97 99 142.607488
98 99 -885.941381
99 99 17583.9628
100 99 -142.607488
101 99 885.941381
102 99 -8934.32001
97 100 -93.5469151
98 100 307.548612
99 100 -142.607488
100 100 186.51447
101 100 -52.409697
102 100 -134.605756
103 100 -92.9675544
104 100 -255.138915
105 100 0
97 101 307.548612
98 101 -1970.74564
99 101 885.941381
100 101 -52.409697
101 101 3356.73364
102 101 -731.542057
103 101 -255.138915
104 101 -1385.988
105 101 0
97 102 0
98 102 0
99 102 -8934.32001
100 102 -134.605756
101 102 -731.542057
102 102 16377.3405
103 102 134.605756
104 102 731.542057
105 102 -7056.90326
100 103 -92.9675544
101 103 -255.138915
102 103 134.605756
103 103 145.642231
104 103 356.298491
105 103 -58.192372
106 103 -52.6746767
107 103 -101.159576
108 103 0
100 104 -255.138915
101 104 -1385.988
102 104 731.542057
103 104 356.298491
104 104 2673.80681
105 104 -717.636312
106 104 -101.159576
107 104 -1287.8188
108 104 0
100 105 0
101 105 0
102 105 -7056.90326
103 105 -58.192372
104 105 -717.636312
105 105 17302.2955
106 105 58.192372
107 105 717.636312
108 105 -9845.41563
103 106 -52.6746767
104 106 -101.159576
105 106 58.192372
106 106 116.926938
107 106 305.227385
108 106 -89.7188139
109 106 -64.2522612
110 106 -204.067808
111 106 0
103 107 -101.159576
104 107 -1287.8188
105 107 717.636312
106 107 305.227385
107 107 3434.64892
108 107 -926.549619
109 107 -204.067808
110 107 -2146.83011
111 107 0
103 108 0
104 108 0
105 108 -9845.41563
106 108 -89.7188139
107 108 -926.549619
108 108 20023.3323
109 108 89.7188139
110 108 926.549619
111 108 -9777.96716
106 109 -64.2522612
107 109 -204.067808
108 109 89.7188139
109 109 117.593616
110 109 334.711765
111 109 -59.9597628
112 109 -53.3413549
113 109 -130.643957
114 109 0
106 110 -204.067808
107 110 -2146.83011
108 110 926.549619
109 110 334.711765
110 110 4109.6758
111 110 -885.90787
112 110 -130.643957
113 110 -1962.84569
114 110 0
106 111 0
107 111 0
108 111 -9777.96716
109 111 -59.9597628
110 111 -885.90787
111 111 19818.043
112 111 59.9597628
113 111 885.90787
114 111 -9640.20927
109 112 -53.3413549
110 112 -130.643957
111 112 59.9597628
112 112 121.1629
113 112 364.057479
114 112 -97.4456104
115 112 -67.8215456
116 112 -233.413522
117 112 0
109 113 -130.643957
110 113 -1962.84569
111 113 885.90787
112 113 364.057479
113 113 4337.85595
114 113 -974.570551
115 113 -233.413522
116 113 -2375.01026
117 113 0
109 114 0
110 114 0
111 114 -9640.20927
112 114 -97.4456104
113 114 -974.570551
114 114 19866.2814
115 114 97.4456104
116 114 974.570551
117 114 -9826.10143
112 115 -67.8215456
113 115 -233.413522
114 115 97.4456104
115 115 172.964364
116 115 583.191135
117 115 -157.130918
118 115 -105.142818
119 115 -349.777613
120 115 0
112 116 -233.413522
113 116 -2375.01026
114 116 974.570551
115 116 583.191135
116 116 4435.06686
117 116 -907.395554
118 116 -349.777613
119 116 -2060.0566
120 116 0
112 117 0
113 117 0
114 117 -9826.10143
115 117 -157.130918
116 117 -907.395554
117 117 19894.2756
118 117 157.130918
119 117 907.395554
120 117 -9668.28744
115 118 -105.142818
116 118 -349.777613
117 118 157.130918
118 118 191.787611
119 118 644.710754
120 118 -130.887904
121 118 -86.6447929
122 118 -294.933141
123 118 0
115 119 -349.777613
116 119 -2060.0566
117 119 907.395554
118 119 644.710754
119 119 4165.75317
120 119 -917.436778
121 119 -294.933141
122 119 -2105.69657
123 119 0
115 120 0
116 120 0
117 120 -9668.28744
118 120 -130.887904
119 120 -917.436778
120 120 19684.1577
121 120 130.887904
122 120 917.436778
123 120 -9616.02396
118 121 -86.6447929
119 121 -294.933141
120 121 130.887904
121 121 168.577044
122 121 583.309141
123 121 -123.392255
124 121 -81.9322508
125 121 -288.376001
126 121 0
118 122 -294.933141
119 122 -2105.69657
120 122 917.436778
121 122 583.309141
122 122 4368.48149
123 122 -951.163626
124 122 -288.376001
125 122 -2262.78491
126 122 0
118 123 0
119 123 0
120 123 -9616.02396
121 123 -123.392255
122 123 -951.163626
123 123 19748.0566
124 123 123.392255
125 123 951.163626
126 123 -9732.10561
121 124 -81.9322508
122 124 -288.376001
123 124 123.392255
124 124 214.895423
125 124 687.719145
126 124 -190.127278
127 124 -132.963172
128 124 -399.343144
129 124 0
121 125 -288.376001
122 125 -2262.78491
123 125 951.163626
124 125 687.719145
125 125 4108.82493
126 125 -858.81931
127 125 -399.343144
128 125 -1846.04002
129 125 0
121 126 0
122 126 0
123 126 -9732.10561
124 126 -190.127278
125 126 -858.81931
126 126 19904.8009
127 126 190.127278
128 126 858.81931
129 126 -9772.7481
124 127 -132.963172
125 127 -399.343144
126 127 190.127278
127 127 204.35725
128 127 639.425289
129 127 -105.118554
130 127 -71.3940781
131 127 -240.082145
132 127 0
124 128 -399.343144
125 128 -1846.04002
126 128 858.81931
127 128 639.425289
128 128 4029.2681
129 128 -934.277598
130 128 -240.082145
131 128 -2183.22808
132 128 0
124 129 0
125 129 0
126 129 -9772.7481
127 129 -105.118554
128 129 -934.277598
129 129 19920.7457
130 129 105.118554
131 129 934.277598
132 129 -9748.06263
127 130 -71.3940781
128 130 -240.082145
129 130 105.118554
130 130 153.428126
131 130 509.417724
132 130 -124.549253
133 130 -82.0340474
134 130 -269.335579
135 130 0
127 131 -240.082145
128 131 -2183.22808
129 131 934.277598
130 131 509.417724
131 131 4157.50548
132 131 -887.950047
133 131 -269.335579
134 131 -1974.2774
135 131 0
127 132 0
128 132 0
129 132 -9748.06263
130 132 -124.549253
131 132 -887.950047
132 132 19552.6298
133 132 124.549253
134 132 887.950047
135 132 -9404.94603
130 133 -82.0340474
131 133 -269.335579
132 133 124.549253
133 133 143.365142
134 133 460.192482
135 133 -82.7560365
136 133 -61.3310949
137 133 -190.856903
138 133 0
130 134 -269.335579
131 134 -1974.2774
132 134 887.950047
133 134 460.192482
134 134 4175.83161
135 134 -938.274805
136 134 -190.856903
137 134 -2201.55421
138 134 0
130 135 0
131 135 0
132 135 -9404.94603
133 135 -82.7560365
134 135 -938.274805
135 135 19535.2494
136 135 82.7560365
137 135 938.274805
138 135 -9730.37768
133 136 -61.3310949
134 136 -190.856903
135 136 82.7560365
136 136 159.556415
137 136 531.605517
138 136 -148.04589
139 136 -98.2253205
140 136 -340.748614
141 136 0
133 137 -190.856903
134 137 -2201.55421
135 137 938.274805
136 137 531.605517
137 137 4404.93741
138 137 -938.578049
139 137 -340.748614
140 137 -2203.3832
141 137 0
133 138 0
134 138 0
135 138 -9730.37768
136 138 -148.04589
137 138 -938.578049
138 138 20034.6618
139 138 148.04589
140 138 938.578049
141 138 -9904.29252
136 139 -98.2253205
137 139 -340.748614
138 139 148.04589
139 139 212.448741
140 139 723.353527
141 139 -168.515566
142 139 -114.22342
143 139 -382.604913
144 139 0
136 140 -340.748614
137 140 -2203.3832
138 140 938.578049
139 140 723.353527
140 140 4345.68763
141 140 -925.357518
142 140 -382.604913
143 140 -2142.30443
144 140 0
136 141 0
137 141 0
138 141 -9904.29252
139 141 -168.515566
140 141 -925.357518
141 141 20049.0175
142 141 168.515566
143 141 925.357518
144 141 -9744.79113
139 142 -114.22342
140 142 -382.604913
141 142 168.515566
142 142 221.487098
143 142 29.4904675
144 142 153.559665
145 142 -107.263678
146 142 353.114446
147 142 0
139 143 -382.604913
140 143 -2142.30443
141 143 925.357518
142 143 29.4904675
143 143 4171.64752
144 143 -884.510716
145 143 353.114446
146 143 -2029.34309
147 143 0
139 144 0
140 144 0
141 144 -9744.79113
142 144 153.559665
143 144 -884.510716
144 144 17150.8441
145 144 -153.559665
146 144 884.510716
147 144 -7020.52692
142 145 -107.263678
143 145 353.114446
144 145 -153.559665
145 145 165.392157
146 145 -525.873137
147 145 74.7301383
148 145 -58.1284794
149 145 172.758691
150 145 0
142 146 353.114446
143 146 -2029.34309
144 146 884.510716
145 146 -525.873137
146 146 4254.83755
147 146 -943.443533
148 146 172.758691
149 146 -2225.49446
150 146 0
142 147 0
143 147 0
144 147 -7020.52692
145 147 74.7301383
146 147 -943.443533
147 147 17419.5265
148 147 -74.7301383
149 147 943.443533
150 147 -9999.00007
145 148 -58.1284794
146 148 172.758691
147 148 -74.7301383
148 148 206.118054
149 148 -260.001475
150 148 -0.520773719
151 148 -45.6120166
152 148 -47.4852953
153 148 0
1711 148 -102.377558
1712 148 134.728079
1713 148 0
145 149 172.758691
146 149 -2225.49446
147 149 943.443533
148 149 -260.001475
149 149 4558.93591
150 149 -898.320563
151 149 -47.4852953
152 149 -1975.67611
153 149 0
1711 149 134.728079
1712 149 -357.76535
1713 149 0
145 150 0
146 150 0
147 150 -9999.00007
148 150 -0.520773719
149 150 -898.320563
150 150 21580.1634
151 150 21.7725963
152 150 888.95883
153 150 -9915.34135
1711 150 -21.2518225
1712 150 9.36173361
1713 150 -1259.49998
148 151 -45.6120166
149 151 -47.4852953
150 151 21.7725963
151 151 93.2614854
152 151 -35.9234203
153 151 36.3895349
154 151 -47.6494688
155 151 83.4087156
156 151 0
148 152 -47.4852953
149 152 -1975.67611
150 152 888.95883
151 152 -35.9234203
152 152 4190.77902
153 152 -941.20965
154 152 83.4087156
155 152 -2215.10292
156 152 0
148 153 0
149 153 0
150 153 -9915.34135
151 153 36.3895349
152 153 -941.20965
153 153 20083.2062
154 153 -36.3895349
155 153 941.20965
156 153 -9767.91935
151 154 -47.6494688
152 154 83.4087156
153 154 -36.3895349
154 154 343.587561
155 154 -287.348596
156 154 44.8125326
157 154 -48.1149206
158 154 -91.3702066
159 154 0
1375 154 -247.823172
1376 154 295.310088
1377 154 0
151 155 83.4087156
152 155 -2215.10292
153 155 941.20965
154 155 -287.348596
155 155 5007.29293
156 155 -1157.22579
157 155 -91.3702066
158 155 -2318.94926
159 155 0
1375 155 295.310088
1376 155 -473.240754
1377 155 0
151 156 0
152 156 0
153 156 -9767.91935
154 156 44.8125326
155 156 -1157.22579
156 156 20805.97
157 156 38.3924248
158 156 962.986907
159 156 -9690.76208
1375 156 -83.2049574
1376 156 194.238888
1377 156 -844.933477
154 157 -48.1149206
155 157 -91.3702066
156 157 38.3924248
157 157 299.173241
158 157 5.34419422
159 157 -98.8384083
160 157 -44.7052484
161 157 22.9722368
162 157 0
1372 157 -95.1346752
1373 157 185.435095
1374 157 0
1381 157 -49.1805272
1382 157 -43.2809689
1383 157 0
1546 157 -62.0378693
1547 157 -79.10035
1548 157 0
154 158 -91.3702066
155 158 -2318.94926
156 158 962.986907
157 158 5.34419422
158 158 5949.70029
159 158 -1922.82715
160 158 22.9722368
161 158 -2067.89647
162 158 0
1372 158 185.435095
1373 158 -722.803448
1374 158 0
1381 158 -43.2809689
1382 158 -439.970074
1383 158 0
1546 158 -79.10035
1547 158 -400.081032
1548 158 0
154 159 0
155 159 0
156 159 -9690.76208
157 159 -98.8384083
158 159 -1922.82715
159 159 23293.5805
160 159 -10.7458249
161 159 909.262677
162 159 -9580.85402
1372 159 -98.3474084
1373 159 457.782607
1374 159 -616.598169
1381 159 77.7137015
1382 159 111.122583
1383 159 -1392.05333
1546 159 130.21794
1547 159 444.659281
1548 159 -655.776273
157 160 -44.7052484
158 160 22.9722368
159 160 -10.7458249
160 160 253.74257
161 160 307.571063
162 160 -300.353836
163 160 -68.7355744
164 160 -224.404838
165 160 0
1369 160 -45.2600825
1370 160 23.1840107
1371 160 0
1543 160 -95.0416643
1544 160 -129.322472
1545 160 0
157 161 22.9722368
158 161 -2067.89647
159 161 909.262677
160 161 307.571063
161 161 5263.84232
162 161 -1872.47353
163 161 -224.404838
164 161 -2117.52759
165 161 0
1369 161 23.1840107
1370 161 -703.435856
1371 161 0
1543 161 -129.322472
1544 161 -374.982399
1545 161 0
157 162 0
158 162 0
159 162 -9580.85402
160 162 -300.353836
161 162 -1872.47353
162 162 21757.7034
163 162 99.2291149
164 162 920.092057
165 162 -9629.61698
1369 162 1.99903741
1370 162 500.805899
1371 162 -603.407351
1543 162 199.125684
1544 162 451.575573
1545 162 -598.592429
160 163 -68.7355744
161 163 -224.404838
162 163 99.2291149
163 163 173.402232
164 163 342.134092
165 163 -58.9811748
166 163 -57.3305259
167 163 -163.500278
168 163 0
1366 163 -47.3361312
1367 163 45.771024
1368 163 0
160 164 -224.404838
161 164 -2117.52759
162 164 920.092057
163 164 342.134092
164 164 5005.41541
165 164 -1431.75869
166 164 -163.500278
167 164 -2118.95727
168 164 0
1366 164 45.771024
1367 164 -768.930561
1368 164 0
160 165 0
161 165 0
162 165 -9629.61698
163 165 -58.9811748
164 165 -1431.75869
165 165 20552.3612
166 165 72.1222391
167 165 920.401075
168 165 -9580.66647
1366 165 -13.1410643
1367 165 511.357615
1368 165 -595.488047
163 166 -57.3305259
164 166 -163.500278
165 166 72.1222391
166 166 335.487514
167 166 383.011909
168 166 -333.069967
169 166 -44.8834695
170 166 24.3014853
171 166 0
1363 166 -54.5572657
1364 166 82.5988884
1365 166 0
1537 166 -88.1117529
1538 166 -124.605412
1539 166 0
1684 166 -90.6044999
1685 166 -201.806593
1686 166 0
163 167 -163.500278
164 167 -2118.95727
165 167 920.401075
166 167 383.011909
167 167 5554.38743
168 167 -2440.67329
169 167 24.3014853
170 167 -1389.61112
171 167 0
1363 167 82.5988884
1364 167 -719.090664
1365 167 0
1537 167 -124.605412
1538 167 -400.008122
1539 167 0
1684 167 -201.806593
1685 167 -926.720261
1686 167 0
163 168 0
164 168 0
165 168 -9580.66647
166 168 -333.069967
167 168 -2440.67329
168 168 23150.1156
169 168 -13.2873206
170 168 745.527976
171 168 -9849.71541
1363 168 -35.3154535
1364 168 467.030407
1365 168 -585.393875
1537 168 185.516825
1538 168 473.208162
1539 168 -592.500043
1684 168 196.155917
1685 168 754.906745
1686 168 -605.246547
166 169 -44.8834695
167 169 24.3014853
168 169 -13.2873206
169 169 190.529731
170 169 -410.671206
171 169 157.13508
172 169 -98.2265432
173 169 331.444477
174 169 0
1360 169 -47.4197185
1361 169 54.9252435
1362 169 0
166 170 24.3014853
167 170 -1389.61112
168 170 745.527976
169 170 -410.671206
170 170 4535.05359
171 170 -1540.0068
172 170 331.444477
173 170 -2087.04678
174 170 0
1360 170 54.9252435
1361 170 -1058.3957
1362 170 0
166 171 0
167 171 0
168 171 -9849.71541
169 171 157.13508
170 171 -1540.0068
171 171 18916.6358
172 171 -144.131914
173 171 904.955741
174 171 -7697.78109
1360 171 -13.0031661
1361 171 635.051057
1362 171 -586.770161
169 172 -98.2265432
170 172 331.444477
171 172 -144.131914
172 172 168.558571
173 172 -568.584727
174 172 103.285351
175 172 -70.3320279
176 172 237.140249
177 172 0
169 173 331.444477
170 173 -2087.04678
171 173 904.955741
172 173 -568.584727
173 173 4303.78734
174 173 -941.069956
175 173 237.140249
176 173 -2216.74057
177 173 0
169 174 0
170 174 0
171 174 -7697.78109
172 174 103.285351
173 174 -941.069956
174 174 17536.595
175 174 -103.285351
176 174 941.069956
177 174 -9439.15096
172 175 -70.3320279
173 175 237.140249
174 175 -103.285351
175 175 114.950373
176 175 -218.924243
177 175 -7.88991847
178 175 -44.6183447
179 175 -18.2160065
180 175 0
172 176 237.140249
173 176 -2216.74057
174 176 941.069956
175 176 -218.924243
176 176 4169.31231
177 176 -883.43941
178 176 -18.2160065
179 176 -1952.57175
180 176 0
172 177 0
173 177 0
174 177 -9439.15096
175 177 -7.88991847
176 177 -883.43941
177 177 19319.2351
178 177 7.88991847
179 177 883.43941
180 177 -9480.36991
175 178 -44.6183447
176 178 -18.2160065
177 178 7.88991847
178 178 431.959183
179 178 250.378021
180 178 -488.048601
181 178 -46.6923659
182 178 -67.8363837
183 178 0
1525 178 -340.648472
1526 178 -164.325631
1527 178 0
175 179 -18.2160065
176 179 -1952.57175
177 179 883.43941
178 179 250.378021
179 179 4179.74876
180 179 -1179.51113
181 179 -67.8363837
182 179 -2091.56935
183 179 0
1525 179 -164.325631
1526 179 -135.607665
1527 179 0
175 180 0
176 180 0
177 180 -9480.36991
178 180 -488.048601
179 180 -1179.51113
180 180 20585.3242
181 180 29.6118045
182 180 914.125752
183 180 -9335.28739
1525 180 458.436797
1526 180 265.385382
1527 180 -718.453049
178 181 -46.6923659
179 181 -67.8363837
180 181 29.6118045
181 181 149.508708
182 181 146.573223
183 181 -92.959343
184 181 -44.6337739
185 181 20.0939674
186 181 0
1348 181 -58.182568
1349 181 -98.8308071
1350 181 0
178 182 -67.8363837
179 182 -2091.56935
180 182 914.125752
181 182 146.573223
182 182 5024.05721
183 182 -1533.16617
184 182 20.0939674
185 182 -2177.06364
186 182 0
1348 182 -98.8308071
1349 182 -755.424227
1350 182 0
178 183 0
179 183 0
180 183 -9335.28739
181 183 -92.959343
182 183 -1533.16617
183 183 20565.2118
184 183 -9.031945
185 183 933.1028
186 183 -9752.68403
1348 183 101.991288
1349 183 600.063367
1350 183 -588.459525
181 184 -44.6337739
182 184 20.0939674
183 184 -9.031945
184 184 112.354056
185 184 208.815668
186 184 -97.173963
187 184 -67.7202823
188 184 -228.909635
189 184 0
181 185 20.0939674
182 185 -2177.06364
183 185 933.1028
184 185 208.815668
185 185 4472.75343
186 185 -958.111004
187 185 -228.909635
188 185 -2295.68979
189 185 0
181 186 0
182 186 0
183 186 -9752.68403
184 186 -97.173963
185 186 -958.111004
186 186 19890.4821
187 186 97.173963
188 186 958.111004
189 186 -9737.86868
184 187 -67.7202823
185 187 -228.909635
186 187 97.173963
187 187 167.84198
188 187 257.167239
189 187 -63.4511912
190 187 -45.94404
191 187 53.9735251
192 187 0
1342 187 -54.1776572
1343 187 -82.2311286
1344 187 0
184 188 -228.909635
185 188 -2295.68979
186 188 958.111004
187 188 257.167239
188 188 5021.92699
189 188 -1485.82783
190 188 53.9735251
191 188 -1987.06235
192 188 0
1342 188 -82.2311286
1343 188 -739.174846
1344 188 0
184 189 0
185 189 0
186 189 -9737.86868
187 189 -63.4511912
188 189 -1485.82783
189 189 20738.8995
190 189 -25.2518633
191 189 891.239813
192 189 -9526.3209
1342 189 88.7030546
1343 189 594.588018
1344 189 -585.362716
187 190 -45.94404
188 190 53.9735251
189 190 -25.2518633
190 190 148.364038
191 190 110.435451
192 190 -122.927231
193 190 -47.5427101
194 190 -82.1525289
195 190 0
1339 190 -54.8772876
1340 190 -82.2564473
1341 190 0
187 191 53.9735251
188 191 -1987.06235
189 191 891.239813
190 191 110.435451
191 191 4902.81983
192 191 -1484.01412
193 191 -82.1525289
194 191 -2222.77235
195 191 0
1339 191 -82.2564473
1340 191 -692.985124
1341 191 0
187 192 0
188 192 0
189 192 -9526.3209
190 192 -122.927231
191 192 -1484.01412
192 192 20518.7876
193 192 35.1323554
194 192 942.694493
195 192 -9568.86156
1339 192 87.7948755
1340 192 541.319628
1341 192 -588.667995
190 193 -47.5427101
191 193 -82.1525289
192 193 35.1323554
193 193 96.4130129
194 193 173.490269
195 193 -42.4759962
196 193 -48.8703028
197 193 -91.3377402
198 193 0
190 194 -82.1525289
191 194 -2222.77235
192 194 942.694493
193 194 173.490269
194 194 4152.18059
195 194 -878.47316
196 194 -91.3377402
197 194 -1929.40824
198 194 0
190 195 0
191 195 0
192 195 -9568.86156
193 195 -42.4759962
194 195 -878.47316
195 195 19879.2609
196 195 42.4759962
197 195 878.47316
198 195 -9910.40655
193 196 -48.8703028
194 196 -91.3377402
195 196 42.4759962
196 196 369.020783
197 196 651.409597
198 196 -467.719939
199 196 -75.4685766
200 196 -257.944826
201 196 0
1333 196 -244.681903
1334 196 -302.127031
1335 196 0
193 197 -91.3377402
194 197 -1929.40824
195 197 878.47316
196 197 651.409597
197 197 4618.79761
198 197 -1463.35259
199 197 -257.944826
200 197 -2189.08246
201 197 0
1333 197 -302.127031
1334 197 -500.306914
1335 197 0
193 198 0
194 198 0
195 198 -9910.40655
196 198 -467.719939
197 198 -1463.35259
198 198 21558.2309
199 198 112.536509
200 198 935.614891
201 198 -9993.60307
1333 198 355.18343
1334 198 527.737696
1335 198 -676.152531
196 199 -75.4685766
197 199 -257.944826
198 199 112.536509
199 199 457.245716
200 199 801.691554
201 199 -523.361647
202 199 -64.8573391
203 199 -211.925829
204 199 0
1330 199 -316.919801
1331 199 -331.820898
1332 199 0
196 200 -257.944826
197 200 -2189.08246
198 200 935.614891
199 200 801.691554
200 200 4882.26857
201 200 -1466.3568
202 200 -211.925829
203 200 -2244.64967
204 200 0
1330 200 -331.820898
1331 200 -448.536434
1332 200 0
196 201 0
197 201 0
198 201 -9993.60307
199 201 -523.361647
200 201 -1466.3568
201 201 21443.6931
202 201 91.0212648
203 201 947.416302
204 201 -9754.4179
1330 201 432.340382
1331 201 518.940499
1332 201 -662.501176
199 202 -64.8573391
200 202 -211.925829
201 202 91.0212648
202 202 708.181286
203 202 305.457631
204 202 -584.342237
205 202 -53.3687782
206 202 -133.30738
207 202 0
1324 202 -589.955168
1325 202 39.7755786
1326 202 0
199 203 -211.925829
200 203 -2244.64967
201 203 947.416302
202 203 305.457631
203 203 4327.72004
204 203 -892.448629
205 203 -133.30738
206 203 -2035.72571
207 203 0
1324 203 39.7755786
1325 203 -47.3446568
1326 203 0
199 204 0
200 204 0
201 204 -9754.4179
202 204 -584.342237
203 204 -892.448629
204 204 21543.3695
205 204 60.3752201
206 204 902.338093
207 204 -9967.28051
1324 204 523.967017
1325 204 -9.88946413
1326 204 -941.824276
202 205 -53.3687782
203 205 -133.30738
204 205 60.3752201
205 205 196.98103
206 205 288.629657
207 205 -201.503706
208 205 -68.9312696
209 205 -221.445196
210 205 0
1318 205 -74.6809823
1319 205 66.1229189
1320 205 0
202 206 -133.30738
203 206 -2035.72571
204 206 902.338093
205 206 288.629657
206 206 4271.8427
207 206 -865.198051
208 206 -221.445196
209 206 -2047.07132
210 206 0
1318 206 66.1229189
1319 206 -189.045671
1320 206 0
202 207 0
203 207 0
204 207 -9967.28051
205 207 -201.503706
206 207 -865.198051
207 207 21700.858
208 207 99.9259429
209 207 904.769261
210 207 -9877.92909
1318 207 101.577763
1319 207 -39.5712102
1320 207 -1298.06258
205 208 -68.9312696
206 208 -221.445196
207 208 99.9259429
208 208 380.077714
209 208 -5.20931294
210 208 -170.407871
211 208 -44.4670007
212 208 -6.92972362
213 208 0
1246 208 -161.176595
1247 208 254.264055
1248 208 0
1249 208 -56.2428939
1250 208 -66.0064954
1251 208 0
1321 208 -49.2599542
1322 208 45.3266727
1323 208 0
205 209 -221.445196
206 209 -2047.07132
207 209 904.769261
208 209 -5.20931294
209 209 5703.5468
210 209 -1128.96113
211 209 -6.92972362
212 209 -2173.39084
213 209 0
1246 209 254.264055
1247 209 -598.278239
1248 209 0
1249 209 -66.0064954
1250 209 -413.718166
1251 209 0
1321 209 45.3266727
1322 209 -471.088226
1323 209 0
205 210 0
206 210 0
207 210 -9877.92909
208 210 -170.407871
209 210 -1128.96113
210 210 22315.3416
211 210 4.91596453
212 210 927.765029
213 210 -8270.32618
1246 210 6.56092986
1247 210 93.5767852
1248 210 -1136.08741
1249 210 92.709204
1250 210 222.071464
1251 210 -1025.72578
1321 210 66.2217729
1322 210 -114.452153
1323 210 -1267.43108
208 211 -44.4670007
209 211 -6.92972362
210 211 4.91596453
211 211 167.3585
212 211 -149.796772
213 211 93.0217438
214 211 -44.603071
215 211 18.1809989
216 211 0
1240 211 -78.2884282
1241 211 138.545497
1242 211 0
208 212 -6.92972362
209 212 -2173.39084
210 212 927.765029
211 212 -149.796772
212 212 4913.25435
213 212 -1349.63299
214 212 18.1809989
215 212 -2128.26199
216 212 0
1240 212 138.545497
1241 212 -611.601513
1242 212 0
208 213 0
209 213 0
210 213 -8270.32618
211 213 93.0217438
212 213 -1349.63299
213 213 19469.4206
214 213 -8.19646105
215 213 922.632414
216 213 -9849.5199
1240 213 -84.8252828
1241 213 427.000577
1242 213 -648.459148
211 214 -44.603071
212 214 18.1809989
213 214 -8.19646105
214 214 161.436699
215 214 -98.8682275
216 214 57.6645807
217 214 -45.4847486
218 214 -46.7284141
219 214 0
1237 214 -71.3488793
1238 214 127.415643
1239 214 0
211 215 18.1809989
212 215 -2128.26199
213 215 922.632414
214 215 -98.8682275
215 215 4919.52197
216 215 -1374.88323
217 215 -46.7284141
218 215 -2143.39285
219 215 0
1237 215 127.415643
1238 215 -647.867124
1239 215 0
211 216 0
212 216 0
213 216 -9849.5199
214 216 57.6645807
215 216 -1374.88323
216 216 21137.8773
217 216 20.572459
218 216 925.929254
219 216 -9957.13828
1237 216 -78.2370396
1238 216 448.953978
1239 216 -617.923171
214 217 -45.4847486
215 217 -46.7284141
216 217 20.572459
217 217 90.5306433
218 217 85.1978719
219 217 -15.485552
220 217 -45.0458947
221 217 -38.4694578
222 217 0
214 218 -46.7284141
215 218 -2143.39285
216 218 925.929254
217 218 85.1978719
218 218 4648.38673
219 218 -1000.95622
220 218 -38.4694578
221 218 -2504.99387
222 218 0
214 219 0
215 219 0
216 219 -9957.13828
217 219 -15.485552
218 219 -1000.95622
219 219 20175.0297
220 219 15.485552
221 219 1000.95622
222 219 -9817.92469
217 220 -45.0458947
218 220 -38.4694578
219 220 15.485552
220 220 794.615505
221 220 368.29996
222 220 -141.129894
223 220 -44.5260063
224 220 -12.4613307
225 220 0
1189 220 -274.398904
1190 220 -183.488102
1191 220 0
1192 220 -346.346468
1193 220 -256.436441
1194 220 0
1231 220 -84.2982313
1232 220 122.555371
1233 220 0
217 221 -38.4694578
218 221 -2504.99387
219 221 1000.95622
220 221 368.29996
221 221 5327.75416
222 221 -1527.10077
223 221 -12.4613307
224 221 -1948.32495
225 221 0
1189 221 -183.488102
1190 221 -190.855535
1191 221 0
1192 221 -256.436441
1193 221 -262.26229
1194 221 0
1231 221 122.555371
1232 221 -421.317511
1233 221 0
217 222 0
218 222 0
219 222 -9817.92469
220 222 -141.129894
221 222 -1527.10077
222 222 25004.5112
223 222 5.78692228
224 222 882.796237
225 222 -9991.2058
1189 222 25.4821462
1190 222 65.5332195
1191 222 -1495.38505
1192 222 213.191171
1193 222 213.822744
1194 222 -2148.31713
1231 222 -103.330345
1232 222 364.948566
1233 222 -624.016787
220 223 -44.5260063
221 223 -12.4613307
222 223 5.78692228
223 223 910.154453
224 223 782.611846
225 223 -539.163372
226 223 -55.9182194
227 223 -144.038875
228 223 0
1075 223 -68.4769839
1076 223 -100.563817
1077 223 0
1078 223 -93.5136161
1079 223 -200.647526
1080 223 0
1081 223 -46.3676912
1082 223 -32.3037255
1083 223 0
1195 223 -459.513772
1196 223 -479.183345
1197 223 0
1228 223 -141.838164
1229 223 186.586773
1230 223 0
220 224 -12.4613307
221 224 -1948.32495
222 224 882.796237
223 224 782.611846
224 224 6717.74152
225 224 -2750.42291
226 224 -144.038875
227 224 -1852.6721
228 224 0
1075 224 -100.563817
1076 224 -465.252293
1077 224 0
1078 224 -200.647526
1079 224 -864.907236
1080 224 0
1081 224 -32.3037255
1082 224 -587.032543
1083 224 0
1195 224 -479.183345
1196 224 -597.645231
1197 224 0
1228 224 186.586773
1229 224 -401.907166
1230 224 0
220 225 0
221 225 0
222 225 -9991.2058
223 225 -539.163372
224 225 -2750.42291
